[Documentation]
information1 = This file stores the OID assignments for resources defined in this IG.
information2 = It must be added to git and committed when resources are added or their id is changed
information3 = You should not generally need to edit this file, but if you do:
information4 = (a) you can change the id of a resource (left side) if you change it's actual id in your source, to maintain OID consistency
information5 = (b) you can change the oid of the resource to an OID you assign manually. If you really know what you're doing with OIDs
information6 = There is never a reason to edit anything else

[Key]
CodeSystem = 3
ValueSet = 11
StructureDefinition = 18
PlanDefinition = 3
Questionnaire = 1
CapabilityStatement = 1

[CodeSystem]
PSSQSIConditions = 2.16.840.1.113883.2.51.22.2.16.1
PSSQSIProcedures = 2.16.840.1.113883.2.51.22.2.16.2
PSSRatingTypes = 2.16.840.1.113883.2.51.22.2.16.3

[ValueSet]
BacterialCodes = 2.16.840.1.113883.2.51.22.2.48.1
CandidaCodes = 2.16.840.1.113883.2.51.22.2.48.2
ChlamydiaCodes = 2.16.840.1.113883.2.51.22.2.48.3
CompromisedImmuneSystemCodes = 2.16.840.1.113883.2.51.22.2.48.4
GonokokCodes = 2.16.840.1.113883.2.51.22.2.48.5
MycoplasmaCodes = 2.16.840.1.113883.2.51.22.2.48.6
OncologyPatientCodes = 2.16.840.1.113883.2.51.22.2.48.7
OtherCodes = 2.16.840.1.113883.2.51.22.2.48.8
PSSRatingTypesVS = 2.16.840.1.113883.2.51.22.2.48.9
PregnancyCodes = 2.16.840.1.113883.2.51.22.2.48.10
TrichomonasCodes = 2.16.840.1.113883.2.51.22.2.48.11

[StructureDefinition]
AnswerOptionAdditionalCode = 2.16.840.1.113883.2.51.22.2.42.1
CodeValueSet = 2.16.840.1.113883.2.51.22.2.42.2
PSSDataAcquisitionForm = 2.16.840.1.113883.2.51.22.2.42.3
PSSMedicationRequest = 2.16.840.1.113883.2.51.22.2.42.4
PSSPatient = 2.16.840.1.113883.2.51.22.2.42.5
PSSQuestionnaireTask = 2.16.840.1.113883.2.51.22.2.42.6
PSSRelevantAge = 2.16.840.1.113883.2.51.22.2.42.7
PSSRequest = 2.16.840.1.113883.2.51.22.2.42.8
PSSRequestBundle = 2.16.840.1.113883.2.51.22.2.42.9
PSSResponse = 2.16.840.1.113883.2.51.22.2.42.10
PSSResponseBundle = 2.16.840.1.113883.2.51.22.2.42.11
PSSResponseCommunicationRequest = 2.16.840.1.113883.2.51.22.2.42.12
PSSResponseMedicationRequest = 2.16.840.1.113883.2.51.22.2.42.13
PSSResponseRequestGroup = 2.16.840.1.113883.2.51.22.2.42.14
PSSResponseServiceRequest = 2.16.840.1.113883.2.51.22.2.42.15
PSSStructuredRating = 2.16.840.1.113883.2.51.22.2.42.16
PSSConsentModel = 2.16.840.1.113883.2.51.22.2.42.17
PSSFeedbackModel = 2.16.840.1.113883.2.51.22.2.42.18

[PlanDefinition]
GetDataToCollect = 2.16.840.1.113883.2.51.22.2.34.1
GetDiagnoses = 2.16.840.1.113883.2.51.22.2.34.2
GetRecommendations = 2.16.840.1.113883.2.51.22.2.34.3

[Questionnaire]
30551ce1-5a28-4356-b684-2e639094ad4c = 2.16.840.1.113883.2.51.22.2.35.1

[CapabilityStatement]
PSSProviderCapabilityStatement = 2.16.840.1.113883.2.51.22.2.13.1

